x,y,w,h
1,3,21,44
