x,y,w,h
35,79,56,48
15,13,133,129
