x,y,w,h
5.1091733,5.125974,20.769506,20.56062
